clc;
clear;

data = [

148
139
441
966
1782
2506
3304
3730
3959
3810
3338
2713
1860
1162
493
181
141
403
1018
1706
2579
3228
3778
3942
3793
3380
2646
1944
1098
544
158
128
451
956
1790
2498
3306
3730
3953
3819
3323
2725
1850
1172
484
190
135
415
1031
1696
2588
3218
3793
3932
3803
3370
2655
1938
1097
544
151
141
441
962
1776
2504
3296
3742
3953
3818
3335
2718
1861
1166
497
180
146
403
1031
1690
2587
3218
3783
3950
3795
3382
2644
1948
1088
550
146
137
449
961
1790
2496
3308
3734
3965
3806
3338
2705
1859
1164
484
190
136
415
1020
1704
2581
3228
3778
3940
3799
3374
2655
1938
1099
556
160
129
450
955
1780
2504
3298
3742
3953
3820
3325
2728
1846
1172
492
178
144
404
1034
1686
2589
3216
3792
3934
3802
3372
2641
1948
1086
554
149
140
441
966
1780
2502
3303
3724
3963
3806
3336
2705
1858
1162
491
178
137
412
1021
1720
2581
3228
3778
3944
3793
3384
2655
1946
1099
544
160
124
453
956
1788
2492
3305
3736
3952
3816
3321
2727
1851
1170
483
190
140
416
1034
1690
2592
3212
3787
3932
3803
3368
2654
1936
1090
562
151
138
439
966
1778
2504
3296
3742
3959
3818
3335
2718
1862
1166
495
181
146
399
1029
1686
2581
3228
3781
3946
3793
3384
2643
1944
1088
549
155
137
448
956
1789
2494
3307
3728
3959
3807
3337
2707
1856
1164
484
188
135
415
1022
1706
2579
3226
3779
3944
3798
3370
2653
1935
1093
544
158
128
450
951
1781
2500
3296
3742
3951
3822
3327
2729
1850
1172
492
189
147
404
1033
1690
2592
3224
3789
3934
3803
3372
2647
1948
1088
550
147
138
439
958
1781
2506
3303
3734
3963
3810
3338
2709
1861
1164
495
180
143
404
1022
1706
2579
3227
3778
3946
3791
3382
2646
1948
1095
546
159
130
453
955
1788
2496
3310
3732
3955
3814
3325
2724
1849
1174
484
187
132
412
1024
1698
2583
3215
3792
3934
3805
3368
2654
1933
1097
543
153
132
441
962
1778
2502
3296
3742
3952
3818
3330
2718
1861
1164
494
181
145
402
1031
1684
2589
3216
3778
3942
3795
3382
2645
1948
1088
552
149
136
439
962
1786
2494
3306
3732
3963
3806
3337
2709
1861
1162
485
192
135
418
1021
1706
2582
3226
3775
3962
3803
3372
2653
1936
1098
537
159
131
451
956
1781
2500
3295
3743
3947
3820
3323
2730
1851
1174
486
190
145
399
1031
1684
2589
3216
3789
3934
3807
3372
2647
1944
1089
561
148
138
441
968
1783
2506
3307
3730
3962
3806
3338
2708
1862
1163
493
180
132
414
1031
1690
2578
3230
3781
3944
3793
3382
2655
1940
1098
544
160
128
449
952
1789
2492
3306
3732
3954
3818
3326
2729
1852
1174
485
192
134
413
1029
1695
2592
3216
3791
3934
3803
3368
2651
1926
1094
542
149
138
441
964
1779
2504
3296
3742
3955
3816
3333
2713
1860
1164
492
187
144
402
1031
1690
2587
3218
3779
3938
3791
3382
2645
1947
1086
555
151
139
450
954
1791
2492
3309
3732
3959
3810
3332
2714
1850
1170
482
190
135
412
1020
1706
2583
3230
3791
3935
3811
3370
2655
1936
1097
538
158
131
444
967
1781
2508
3296
3742
3953
3818
3326
2730
1863
1164
495
180
146
400
1029
1688
2587
3218
3778
3934
3793
3380
2645
1944
1087
552
153
137
451
962
1791
2496
3306
3730
3959
3806
3327
2723
1851
1170
482
190
134
416
1022
1706
2587
3218
3789
3934
3805
3370
2655
1936
1095
545
151
141
443
964
1779
2502
3296
3742
3959
3822
3355
2712
1863
1164
495
181
146
401
1021
1694
2582
3226
3777
3946
3793
3382
2644
1946
1098
542
156
128
451
952
1788
2494
3306
3732
3955
3820
3326
2728
1852
1174
483
190
136
412
1025
1698
2591
3219
3790
3930
3807
3368
2655
1930
1088
554
151
141
442
966
1780
2508
3295
3740
3959
3812
3335
2712
1860
1162
494
178
144
402
1024
1700
2579
3228
3779
3944
3794
3378
2645
1946
1095
542
159
129
450
954
1791
2492
3302
3736
3952
3814
3322
2728
1844
1170
485
189
144
410
1033
1690
2589
3216
3789
3934
3806
3376
2647
1948
1090
554
148
137
441
965
1780
2504
3305
3730
3963
3809
3337
2708
1861
1160
492
179
138
419
1024
1700
2579
3226
3777
3934
3795
3380
2653
1936
1094
542
160
128
451
954
1789
2494
3299
3734
3951
3818
3323
2734
1853
1174
484
191
144
404
1030
1684
2589
3218
3789
3934
3803
3370
2646
1940
1089
552
144
137
439
970
1778
2504
3301
3740
3959
3812
3340
2709
1861
1162
494
180
140
405
1022
1698
2579
3230
3779
3940
3793
3382
2649
1946
1095

];

data1 = [];
data2 = [];
for i = 1 : length(data)
    if mod(i, 2) == 0
        data2 = [data2, data(i)];
    else
        data1 = [data1, data(i)];
    end
end

figure
hold on
plot(data1)
plot(data2)